9 127 3 0
6 129 5 0
5 127 7 0
5 128 7 0
9 127 4 0
8 129 5 0
5 128 4 0
9 128 6 0
6 128 7 0
6 127 3 0
8 128 6 0
9 128 5 0
6 127 6 0
8 128 4 0
8 127 4 0
8 128 5 0
7 127 6 0
7 127 7 0
6 128 5 0
7 127 5 0
5 128 3 0
7 124 5 0
7 125 5 0
7 128 5 0
5 128 6 0
6 128 3 0
9 127 5 0
8 127 5 0
5 127 4 0
5 127 6 0
7 126 5 0
7 129 6 0
9 128 4 0
5 127 5 0
7 128 4 0
7 128 6 0
7 123 5 0
7 129 5 0
6 127 5 0
6 128 6 0
7 128 3 0
6 127 4 0
8 128 3 0
8 127 3 0
7 127 4 0
8 127 7 0
7 127 3 0
6 127 7 0
7 129 4 0
6 128 4 0
8 127 6 0
5 128 5 0
7 128 7 0
8 128 7 0
9 128 3 0
5 127 3 0
9 127 6 0
9 128 7 0
9 127 7 0
