11 151 14 0
10 150 14 0
13 150 12 0
12 149 13 0
13 148 14 0
11 150 11 0
13 151 11 0
11 148 14 0
12 150 11 0
17 126 18 1
12 148 11 0
10 151 11 0
10 149 13 0
14 151 14 0
13 149 12 0
11 149 11 0
13 150 11 0
10 151 14 0
14 150 10 0
13 151 14 0
11 151 13 0
11 149 12 0
14 151 11 0
10 150 12 0
11 150 13 0
13 126 19 1
10 148 10 0
10 150 11 0
11 150 12 0
14 149 12 0
13 151 12 0
13 151 10 0
14 151 12 0
14 126 19 1
14 148 13 0
11 149 10 0
17 127 16 0
10 151 13 0
11 151 11 0
10 149 11 0
16 126 18 1
14 148 12 0
13 149 14 0
12 149 11 0
12 150 12 0
12 150 14 0
13 148 13 0
12 151 10 0
10 148 13 0
10 148 12 0
12 149 14 0
13 149 13 0
14 150 11 0
14 148 11 0
14 148 10 0
11 150 14 0
12 151 12 0
10 150 13 0
14 126 18 1
11 150 10 0
14 151 10 0
12 150 10 0
14 150 12 0
11 148 11 0
12 150 13 0
15 126 18 1
10 149 12 0
11 151 10 0
17 126 16 1
10 151 10 0
12 149 12 0
12 145 12 0
11 148 13 0
11 149 13 0
14 149 14 0
14 149 10 0
13 148 12 0
12 148 10 0
16 126 19 1
12 148 13 0
10 151 12 0
14 148 14 0
13 151 13 0
10 148 11 0
14 150 13 0
13 149 10 0
12 148 14 0
10 150 10 0
10 148 14 0
12 151 13 0
11 151 12 0
14 150 14 0
10 149 10 0
17 127 17 0
13 150 13 0
10 149 14 0
13 148 10 0
13 150 14 0
13 150 10 0
14 149 11 0
12 148 12 0
13 149 11 0
12 151 11 0
11 149 14 0
11 148 12 0
14 151 13 0
12 147 12 0
13 148 11 0
14 149 13 0
11 148 10 0
12 151 14 0
12 146 12 0
15 126 19 1
12 149 10 0
