18 130 4 9
19 134 9 10
18 128 1 8
18 130 1 8
15 127 2 1
17 130 13 0
18 127 3 11
18 129 12 0
19 127 15 1
18 129 7 9
18 128 12 9
12 127 5 1
13 129 9 0
11 125 5 0
14 127 6 1
14 127 4 1
18 127 9 11
18 133 10 10
18 129 10 8
17 129 13 1
17 133 11 0
12 127 4 1
16 131 14 0
19 127 4 6
18 131 5 8
18 132 11 10
11 127 4 0
19 127 2 6
10 131 8 1
16 129 10 0
17 132 6 10
17 127 4 11
18 130 13 0
19 128 1 9
12 128 7 0
15 127 3 11
18 128 11 9
11 128 8 0
18 129 5 9
17 129 9 0
17 132 1 10
11 128 6 0
18 127 4 11
17 127 5 1
18 129 14 0
17 127 3 11
11 131 8 0
18 129 15 0
17 132 7 10
19 130 2 0
13 126 0 1
17 130 3 0
19 127 9 6
14 127 2 1
15 127 6 1
18 128 7 9
19 127 5 6
18 133 9 10
16 128 8 0
19 129 10 9
19 127 7 6
15 125 8 1
18 130 6 9
17 130 15 0
16 126 1 1
16 130 14 1
18 131 1 8
18 131 10 8
18 129 13 0
19 128 6 0
18 130 2 9
12 130 8 0
14 126 0 1
11 130 8 0
19 128 10 9
18 130 9 9
18 132 0 10
18 133 8 10
18 131 15 0
18 128 15 1
11 130 7 0
17 132 4 10
19 134 2 10
11 129 7 0
16 127 0 1
19 127 14 1
16 127 3 11
18 128 6 9
17 132 14 0
19 132 0 10
18 131 6 8
17 129 14 1
19 127 6 6
18 130 15 0
16 127 2 1
19 129 14 0
19 134 7 10
16 127 5 1
14 127 8 1
15 127 7 1
17 127 0 1
12 129 8 0
15 126 0 1
18 127 8 11
14 127 7 1
19 129 15 0
19 134 4 10
18 131 14 0
10 132 8 0
17 127 8 1
19 127 13 11
19 133 10 10
18 128 2 9
16 125 8 1
15 126 4 11
16 127 1 1
12 128 6 0
17 132 8 10
18 129 1 8
16 126 2 1
18 130 8 9
17 127 7 1
18 133 1 10
18 127 11 11
18 129 6 9
18 131 4 8
16 127 8 10
17 132 3 10
16 127 6 1
14 127 0 1
17 132 10 10
19 130 10 9
18 129 9 9
19 128 14 0
17 132 2 10
18 132 15 0
14 126 2 1
16 127 4 11
13 127 0 1
13 127 5 1
18 128 13 9
17 132 0 10
10 129 8 0
19 131 1 8
19 134 5 10
11 128 9 0
19 133 1 10
15 127 4 11
14 127 5 1
18 131 9 8
19 129 1 9
18 133 2 10
17 127 1 1
17 129 15 1
17 130 14 0
14 126 3 1
17 128 12 9
18 127 12 11
19 127 8 6
18 127 5 11
15 127 1 1
17 131 13 0
12 128 8 0
19 127 3 6
19 127 12 11
17 132 5 10
18 128 8 9
18 127 2 11
19 127 10 11
19 128 13 9
15 126 2 1
18 129 8 9
18 133 11 0
11 132 8 0
18 131 3 8
18 130 10 8
14 127 3 1
18 127 1 8
18 133 6 10
18 133 4 10
19 130 1 9
19 134 8 10
18 127 7 11
10 129 9 0
19 127 1 11
14 127 1 1
19 134 3 10
17 127 2 1
19 128 8 0
15 127 5 1
19 131 10 8
18 130 3 9
12 126 5 0
18 127 6 11
18 134 3 0
11 129 8 0
11 126 5 0
15 127 8 1
17 131 9 0
18 133 5 10
19 130 15 0
17 132 9 10
18 129 2 9
19 128 15 0
18 128 14 1
15 128 9 0
13 128 4 0
18 130 5 9
17 131 8 0
17 132 11 10
15 128 4 0
18 131 7 8
19 134 6 10
11 126 6 0
19 132 11 10
17 131 15 0
11 126 4 0
17 127 6 1
18 130 7 9
11 128 10 0
18 133 7 10
10 131 9 0
18 131 8 8
16 127 7 1
15 126 1 1
17 130 9 0
19 127 11 11
17 132 15 0
18 128 5 9
18 128 9 9
13 127 4 1
15 127 0 1
18 128 10 8
17 132 13 0
18 130 14 0
18 131 2 8
16 126 0 1
18 133 3 10
18 127 10 8
17 131 14 0
18 127 0 1
14 126 1 1
11 127 6 0
18 127 13 11
