10 126 2 11
6 130 2 9
6 129 1 8
6 131 10 8
17 135 12 0
10 125 13 1
9 129 9 0
7 126 12 1
17 134 10 0
6 131 4 8
10 126 9 1
5 130 10 9
15 133 12 0
12 124 7 8
15 132 12 0
10 124 1 8
13 127 4 0
10 125 12 1
9 127 6 11
1 128 1 9
15 136 11 0
3 127 15 11
15 136 12 0
4 127 0 0
3 129 1 9
3 126 17 11
6 128 2 9
12 130 7 6
6 130 8 9
7 138 6 0
10 127 13 0
3 133 10 10
6 133 9 10
10 127 1 11
15 121 3 0
1 134 2 10
3 124 17 11
7 132 9 10
3 136 5 10
7 137 9 0
10 128 10 0
7 128 8 0
2 131 1 8
8 138 10 0
1 127 12 11
2 127 11 11
4 127 10 11
8 127 9 0
6 138 9 0
15 133 14 0
15 134 14 0
6 136 11 0
1 127 8 6
2 127 7 6
8 127 5 11
4 127 6 6
6 127 3 11
3 127 4 6
12 122 5 8
1 136 4 10
4 136 6 0
2 136 7 10
12 124 5 8
2 128 3 0
5 126 0 0
9 126 10 0
16 133 13 0
4 135 9 0
8 135 8 0
9 129 10 0
7 133 13 0
14 133 12 0
8 127 3 11
7 132 1 10
6 127 11 11
3 127 12 11
13 135 11 0
6 134 9 0
9 132 8 0
17 134 13 0
0 131 1 8
0 131 10 8
17 136 13 0
6 136 10 0
7 133 1 0
5 138 8 0
6 135 9 0
6 133 12 0
5 134 13 0
3 128 8 0
6 128 7 8
12 128 6 9
7 128 11 0
5 137 6 0
7 132 10 10
15 128 12 0
10 124 0 0
5 137 10 0
5 138 6 0
8 136 8 0
4 136 9 0
5 133 13 0
13 135 13 0
5 135 9 0
6 134 10 0
3 126 13 0
16 135 14 0
6 135 8 0
7 127 9 1
17 135 11 0
7 133 9 0
8 128 2 0
4 128 6 0
2 128 7 0
1 128 8 0
3 132 10 0
6 136 12 0
6 137 6 0
11 127 2 11
8 135 10 0
7 132 3 10
6 131 3 8
4 133 10 10
8 133 9 0
5 131 1 8
9 127 10 0
8 137 7 0
4 137 8 0
1 132 11 10
12 122 7 8
7 127 10 1
8 127 2 11
8 128 8 0
2 128 10 0
9 130 8 0
3 129 19 0
6 133 13 0
1 126 17 11
7 134 12 0
14 134 11 0
2 135 3 10
13 135 10 0
11 124 2 0
2 128 1 9
7 132 11 10
12 128 1 6
6 130 1 8
6 128 9 9
3 128 10 9
5 127 2 6
5 133 9 0
16 133 11 0
8 133 12 0
6 133 7 10
8 135 11 0
16 135 10 0
3 130 1 9
7 133 3 0
2 128 5 0
8 138 9 0
4 138 10 0
7 127 8 1
9 127 9 0
7 135 6 0
6 135 12 0
5 137 9 0
4 137 7 0
8 137 6 0
4 128 12 0
1 128 14 9
7 132 0 10
7 132 6 10
13 134 11 0
12 123 3 8
13 133 13 0
12 128 4 9
6 128 5 9
4 137 10 0
8 137 9 0
3 127 10 11
6 127 9 11
1 128 15 9
4 128 13 9
8 134 12 0
16 134 11 0
7 138 8 0
1 130 1 9
11 127 6 11
1 127 3 6
2 127 2 6
17 136 11 0
7 132 4 10
1 134 9 10
7 136 7 0
16 133 12 0
8 133 13 0
5 137 8 0
2 133 1 10
6 131 5 8
2 128 2 0
3 136 6 10
7 138 9 0
2 129 5 0
11 125 2 0
7 130 11 0
6 133 2 10
9 133 12 0
9 129 6 0
2 129 1 9
9 126 12 0
6 138 7 0
8 133 10 0
17 133 11 0
8 126 9 1
8 135 12 0
16 135 11 0
9 127 2 11
5 133 11 0
12 128 3 9
10 128 4 0
12 127 3 11
9 128 3 0
0 134 2 10
0 134 9 10
8 126 13 0
0 132 0 10
0 132 11 10
10 127 5 11
5 127 6 6
17 135 10 0
4 129 1 9
14 134 14 0
5 134 12 0
0 129 15 0
0 129 14 0
0 129 10 9
0 129 1 9
5 128 10 9
6 130 7 8
12 130 6 0
5 135 11 0
7 127 7 11
14 133 11 0
7 133 12 0
9 128 5 0
14 136 13 0
7 136 10 0
12 123 7 8
7 136 13 0
14 136 12 0
8 131 8 0
2 131 10 8
5 127 11 11
10 127 10 0
9 134 13 0
15 133 11 0
9 131 8 0
5 128 1 9
9 128 8 0
9 135 11 0
3 127 19 11
4 128 1 9
7 136 9 0
8 137 10 0
6 133 10 10
3 128 14 9
6 128 13 9
9 127 5 11
4 126 0 0
8 124 12 0
10 126 7 8
9 135 10 0
6 136 7 0
3 136 8 0
10 126 10 1
14 136 14 0
7 133 10 0
14 133 14 0
7 127 4 11
7 137 8 0
16 134 13 0
13 126 4 0
14 135 13 0
3 127 1 11
13 135 14 0
17 135 13 0
7 135 11 0
14 135 10 0
3 135 8 10
6 135 7 0
8 134 10 0
12 126 3 8
12 127 2 11
3 132 0 10
9 128 1 9
14 133 13 0
6 133 1 10
6 130 10 8
4 129 12 0
1 132 0 10
9 135 12 0
10 127 4 11
5 127 5 6
6 131 8 8
16 135 12 0
8 135 13 0
1 135 8 10
4 135 6 10
13 135 12 0
9 127 1 11
6 134 11 0
2 127 14 11
4 127 13 11
1 127 15 11
15 131 12 0
7 137 7 0
6 135 11 0
13 136 14 0
1 130 10 9
9 133 9 0
12 129 1 6
12 126 2 0
2 137 6 0
6 127 12 11
3 127 13 11
7 135 9 0
10 127 9 0
5 127 10 11
4 129 10 9
8 129 9 0
6 127 13 11
3 127 14 11
15 134 13 0
5 129 1 9
8 129 7 0
1 129 10 9
11 124 1 0
7 132 2 10
6 138 8 0
17 133 12 0
6 128 4 0
5 135 3 0
12 123 1 8
5 137 7 0
1 128 18 9
7 128 10 0
13 136 10 0
2 132 11 10
11 127 4 11
14 135 11 0
7 135 12 0
4 127 7 6
8 127 6 11
2 127 8 6
1 127 9 6
5 133 10 10
7 135 8 0
15 136 14 0
9 127 3 11
8 129 8 0
9 136 10 0
11 124 3 8
6 132 0 10
7 138 10 0
9 133 11 0
2 136 5 9
1 136 6 10
16 136 13 0
3 125 17 11
15 135 14 0
4 135 4 10
13 136 11 0
9 128 7 9
5 132 11 10
6 135 13 0
9 129 7 0
5 130 1 9
1 126 18 0
15 135 11 0
8 128 9 0
4 128 10 9
9 129 8 0
6 129 2 9
9 136 13 0
15 133 13 0
3 127 16 11
5 135 13 0
6 130 4 9
0 135 8 10
0 135 7 10
0 135 6 10
0 135 5 10
0 135 4 10
0 135 3 0
5 134 3 10
17 134 11 0
1 128 16 9
7 136 6 0
16 134 12 0
8 134 13 0
3 127 17 11
9 126 9 1
7 129 11 0
9 128 10 0
0 130 1 9
0 130 10 9
0 130 15 0
0 133 1 10
0 133 10 10
10 124 5 0
2 132 1 0
5 134 11 0
5 136 10 0
10 127 3 11
17 133 13 0
12 126 7 8
16 136 10 0
8 136 11 0
9 127 7 11
12 126 5 8
1 131 10 8
2 130 10 9
8 130 8 0
5 127 1 11
6 137 9 0
11 127 3 11
9 134 9 0
17 133 10 0
6 137 7 0
7 131 11 0
1 133 1 10
13 136 12 0
17 134 12 0
1 124 17 11
13 134 14 0
4 136 8 0
8 136 7 0
7 137 6 0
12 122 3 8
9 131 7 0
12 125 3 8
5 136 6 0
6 130 6 9
3 127 2 6
2 127 16 11
1 127 17 11
10 128 7 9
13 134 13 0
5 129 10 9
14 136 10 0
7 136 11 0
8 136 6 0
4 136 7 0
6 133 3 10
6 137 8 0
7 136 8 0
5 133 1 10
11 127 5 11
5 136 13 0
8 126 12 0
7 135 10 0
9 127 11 0
2 133 10 10
1 125 17 11
8 128 0 0
6 131 2 8
5 135 10 0
8 126 8 1
6 135 6 0
9 129 5 0
5 135 12 0
14 133 10 0
7 133 11 0
10 126 12 0
9 133 10 0
6 133 8 10
15 134 12 0
5 132 0 10
12 124 1 8
9 135 13 0
6 128 0 0
10 127 12 0
5 127 13 11
13 133 11 0
6 128 1 8
9 125 13 1
6 130 5 9
3 128 18 9
5 134 8 10
10 127 11 0
5 127 12 11
15 129 12 0
2 127 19 11
3 132 11 10
10 128 1 9
11 128 7 9
7 127 2 11
5 127 7 6
10 127 6 11
9 136 12 0
5 131 10 8
8 138 6 0
4 138 7 0
2 127 18 11
1 127 19 11
7 134 10 0
3 133 1 10
3 128 15 9
5 136 12 0
9 136 9 0
11 127 1 11
1 127 2 6
2 127 17 11
1 127 18 11
9 128 2 0
7 135 7 0
8 125 11 1
2 132 0 10
7 133 6 0
12 127 4 11
6 127 5 11
3 127 6 6
8 138 8 0
4 138 9 0
14 135 12 0
7 135 13 0
8 125 12 1
9 128 9 0
9 126 8 1
11 127 7 11
16 134 14 0
14 134 13 0
5 134 10 0
5 135 6 0
6 129 8 9
12 129 7 6
1 135 3 10
13 133 14 0
17 136 14 0
3 131 1 8
7 128 7 9
7 130 6 0
9 134 10 0
13 134 10 0
5 138 7 0
8 128 3 0
2 128 8 0
8 128 6 0
12 125 1 8
5 134 5 10
16 134 10 0
8 134 11 0
10 126 1 8
9 133 13 0
5 138 10 0
12 124 3 8
15 133 10 0
7 128 3 0
8 138 7 0
4 138 8 0
2 127 1 11
4 131 10 8
6 129 3 9
5 134 4 10
15 135 12 0
13 136 13 0
8 126 10 1
4 130 1 9
15 136 10 0
17 134 14 0
3 127 7 6
6 127 6 11
12 127 5 11
1 128 13 9
8 128 10 0
4 128 11 0
6 133 11 0
9 134 12 0
4 134 9 10
4 135 8 10
8 135 7 0
1 131 1 8
0 127 13 11
0 127 15 1
0 127 14 1
0 127 12 11
0 127 3 6
0 127 2 6
0 127 1 11
0 127 4 6
0 127 5 6
0 127 6 6
0 127 11 11
0 127 9 6
0 127 10 11
0 127 8 6
0 127 7 6
6 129 6 9
6 132 11 10
5 135 8 0
7 134 9 0
4 132 0 10
6 134 6 0
14 135 14 0
5 138 9 0
7 138 7 0
9 125 12 1
2 130 1 9
4 138 6 0
17 135 14 0
11 125 1 0
6 133 6 10
10 126 11 0
11 127 10 1
6 136 13 0
12 125 5 8
4 127 2 6
8 126 11 0
12 126 1 8
6 134 13 0
6 129 9 9
3 129 10 9
6 127 1 11
6 128 11 9
3 128 12 0
3 128 19 9
4 127 19 0
6 131 6 8
6 138 6 0
6 131 9 8
3 131 10 8
12 128 5 9
6 128 6 9
3 128 7 0
15 134 10 0
9 133 8 0
5 136 9 0
7 126 4 11
1 133 10 10
1 127 10 11
2 127 9 6
8 127 7 11
4 127 8 6
4 127 12 11
2 127 13 11
1 127 14 11
8 127 11 0
3 136 4 10
3 127 18 11
1 128 19 9
3 127 3 6
16 133 10 0
8 133 11 0
3 136 7 10
6 136 6 0
7 131 3 0
3 128 17 9
2 134 2 10
2 137 5 0
9 127 4 11
6 128 3 9
4 131 1 8
6 128 10 8
3 128 11 0
9 127 8 0
4 135 3 10
4 130 10 9
4 137 6 0
2 137 7 0
6 129 4 0
9 125 10 1
9 125 11 1
3 133 0 0
5 136 7 0
8 136 10 0
2 136 6 9
1 136 7 10
4 127 1 11
7 132 5 10
5 128 13 9
5 136 11 0
6 130 3 9
8 125 13 1
6 131 1 8
3 134 9 10
6 134 8 0
15 136 13 0
8 137 8 0
4 137 9 0
6 136 8 0
8 128 1 9
9 126 11 0
13 134 12 0
8 127 10 0
2 127 12 11
1 127 13 11
4 127 11 11
2 126 18 0
3 128 16 9
4 135 10 0
8 135 9 0
6 133 5 10
5 127 9 6
6 127 8 11
3 127 9 6
12 127 7 11
2 127 3 6
1 127 4 6
6 130 9 9
3 130 10 9
15 135 10 0
5 127 4 6
4 133 1 10
12 125 7 8
5 133 12 0
7 129 3 0
3 128 9 0
6 128 8 9
12 128 7 6
17 136 10 0
7 134 11 0
14 134 10 0
7 133 0 0
13 133 12 0
12 130 1 6
9 134 11 0
1 128 17 9
4 132 11 10
7 132 8 10
7 132 7 10
5 134 7 10
5 136 8 0
3 128 13 9
6 128 12 9
7 127 1 11
2 134 9 10
9 136 11 0
11 128 1 9
7 134 13 0
14 134 12 0
7 137 10 0
5 127 8 6
10 127 7 11
8 134 9 0
6 134 12 0
7 130 3 0
0 128 14 0
0 128 13 9
0 128 10 9
0 128 4 0
0 128 1 9
0 128 15 0
6 137 10 0
6 138 10 0
6 129 10 8
12 123 5 8
17 133 14 0
6 131 7 8
6 127 2 11
6 127 10 8
3 127 11 11
7 127 6 11
9 130 7 0
5 127 3 6
4 135 5 10
8 129 10 0
12 127 1 11
7 136 12 0
14 136 11 0
7 128 1 9
6 136 9 0
6 129 7 8
9 135 9 0
10 125 11 1
6 133 4 10
3 128 1 9
3 127 8 6
6 127 7 11
12 127 6 11
1 127 7 6
2 127 6 6
8 127 4 11
4 127 5 6
13 133 10 0
6 129 5 9
1 127 1 11
1 130 0 0
9 128 6 0
6 135 10 0
5 135 7 0
12 128 2 9
2 127 15 11
1 127 16 11
5 126 1 11
16 136 14 0
11 126 12 0
8 136 9 0
4 136 10 0
4 127 9 6
8 127 8 0
1 127 11 11
2 127 10 11
10 127 2 11
15 134 11 0
2 135 8 10
8 135 6 0
4 135 7 10
6 132 8 0
16 135 13 0
1 128 10 9
2 128 9 0
8 128 7 9
9 124 12 1
4 134 2 10
15 135 13 0
7 129 8 0
9 130 10 0
2 136 4 10
1 136 5 10
16 133 14 0
7 127 5 11
4 127 3 6
2 127 4 6
1 127 5 6
15 130 12 0
5 134 6 10
3 135 3 10
1 129 1 9
6 127 4 11
3 127 5 6
16 136 12 0
8 136 13 0
8 127 1 11
10 125 1 8
3 134 2 10
17 136 12 0
5 134 2 10
9 130 9 0
10 126 13 0
8 136 12 0
16 136 11 0
4 127 4 6
2 127 5 6
1 127 6 6
5 134 9 10
7 130 9 0
7 127 3 11
