11 125 10 1
10 127 15 11
13 127 11 11
4 122 9 0
6 128 13 9
5 123 13 1
3 123 12 11
6 123 11 1
9 125 12 1
6 124 13 1
1 124 3 11
9 128 15 9
1 128 12 9
11 126 16 1
6 124 14 1
6 121 7 1
10 127 14 11
5 127 15 11
4 123 10 0
1 123 12 11
8 123 9 1
3 125 0 11
11 125 11 1
10 125 12 1
2 127 0 11
3 122 7 0
5 121 8 1
7 127 14 11
3 124 3 11
1 125 3 11
7 124 13 1
3 128 7 9
5 122 11 1
5 124 15 1
3 128 3 9
1 125 15 11
4 125 13 11
8 125 12 1
3 128 13 9
6 126 13 0
10 126 19 1
9 126 17 1
10 125 11 1
4 127 11 0
2 127 12 11
1 127 13 11
6 123 14 1
8 124 11 1
11 124 14 1
6 122 8 1
1 128 14 9
3 127 3 11
11 126 17 1
1 126 6 11
3 128 2 9
3 121 3 11
2 123 9 0
4 123 8 0
3 122 3 11
13 126 18 1
1 128 5 9
11 126 12 1
7 122 8 1
6 123 12 1
6 123 10 0
3 126 5 0
6 124 15 1
6 122 11 1
1 128 3 9
11 126 14 1
1 127 4 11
2 127 3 11
3 127 9 11
3 128 12 9
10 127 16 0
1 128 9 9
2 128 8 0
14 126 18 1
9 124 9 1
1 124 1 0
1 128 1 9
7 128 15 9
3 125 12 11
1 127 2 11
1 119 3 11
1 128 7 9
1 125 6 11
3 123 6 11
1 127 9 11
2 127 8 11
15 127 17 1
5 128 15 9
4 126 3 0
6 122 9 1
13 127 12 11
12 127 17 1
8 125 14 1
4 125 15 11
3 128 11 9
3 124 6 11
9 126 14 1
6 126 15 0
1 123 0 11
1 128 4 9
4 127 9 0
2 127 10 11
1 127 11 11
1 128 2 9
1 128 11 9
3 126 12 11
3 127 2 11
3 124 0 11
1 122 4 0
13 127 13 11
11 126 9 1
2 127 7 11
1 127 8 11
5 124 16 1
1 128 8 9
3 126 15 0
3 127 18 0
12 127 16 1
3 127 4 11
7 125 15 11
10 125 10 1
13 127 16 11
2 128 0 0
1 128 6 9
8 124 10 0
3 127 14 11
6 127 13 11
12 127 12 1
7 125 13 11
11 126 15 1
4 122 8 1
14 126 17 1
12 128 15 9
3 127 1 11
9 127 13 11
12 127 15 11
7 126 15 11
10 126 17 1
9 125 10 0
9 125 11 1
13 126 19 1
4 124 15 11
8 123 10 1
2 123 12 0
12 126 18 1
3 127 11 11
9 126 16 1
5 124 13 1
1 126 15 11
4 126 13 11
10 126 18 1
10 126 15 1
10 126 14 1
3 128 4 9
8 123 8 1
4 123 9 0
9 126 15 1
6 125 13 0
1 127 7 11
2 127 6 11
1 124 12 11
4 124 10 0
1 127 0 11
1 128 10 9
3 126 6 11
9 126 18 1
2 127 17 0
8 127 15 11
1 127 1 11
11 126 13 1
11 126 19 1
6 128 15 9
10 128 13 9
11 128 13 9
3 128 9 9
1 125 0 11
12 127 10 1
3 127 12 11
3 124 9 11
4 126 15 11
4 128 15 9
0 122 3 0
1 127 6 11
2 127 5 11
14 126 19 1
4 124 3 0
1 127 15 11
4 127 13 11
2 127 14 11
1 123 3 11
10 126 11 1
7 124 10 0
3 125 9 11
9 126 11 0
1 124 6 11
1 126 12 11
3 126 3 11
3 126 2 0
3 128 0 9
3 128 1 9
1 128 0 9
9 123 8 1
9 126 13 1
12 126 11 1
3 127 6 11
9 124 10 1
6 121 9 1
2 127 16 0
4 127 15 11
8 127 14 11
1 125 12 11
11 126 8 1
1 124 0 11
3 127 7 11
9 128 13 9
3 127 0 11
7 124 14 1
1 123 9 11
6 122 12 1
3 126 9 11
3 125 3 11
14 127 17 1
10 128 15 9
9 127 14 11
1 126 1 0
1 126 3 11
5 122 8 1
7 128 13 9
12 127 13 11
3 127 15 11
6 127 14 11
12 128 13 9
3 128 15 9
7 123 9 1
1 126 10 0
8 125 13 1
13 127 14 11
7 126 13 11
11 126 11 1
2 123 6 0
10 127 18 0
1 120 3 11
1 122 3 11
1 126 7 0
10 126 16 1
6 123 9 0
6 127 15 11
12 127 14 11
2 128 15 9
8 128 13 9
5 125 14 0
7 124 12 1
6 121 8 1
3 128 8 9
1 126 9 11
5 128 13 9
1 122 6 11
9 126 19 1
4 127 2 0
15 127 16 11
8 125 15 1
8 128 15 9
2 127 4 11
1 127 5 11
1 124 15 11
4 124 13 11
9 124 11 1
3 128 10 9
7 122 9 1
1 124 9 11
12 126 19 1
3 127 8 11
8 125 19 1
2 127 18 0
11 128 15 9
9 127 15 11
2 127 11 11
1 127 12 11
11 126 18 1
13 127 15 11
2 128 1 0
1 128 13 9
7 123 10 1
2 124 1 0
1 121 3 11
1 126 0 11
11 126 10 1
7 124 11 1
2 127 1 11
10 124 11 1
14 127 16 11
3 124 12 11
1 127 14 11
2 127 13 11
3 128 6 9
7 127 13 11
3 123 9 11
1 125 9 11
3 123 3 11
13 127 17 1
5 127 13 11
10 126 13 1
3 128 5 9
11 127 15 11
3 126 0 11
7 127 15 11
6 122 10 1
4 128 13 9
1 128 15 9
12 127 11 1
3 127 13 11
4 126 6 0
11 127 14 11
1 127 10 11
2 127 9 11
5 123 15 0
11 127 13 11
3 125 6 11
3 127 10 11
6 123 13 1
1 127 3 11
2 127 2 11
5 123 12 1
5 127 14 11
10 127 13 11
1 123 6 11
10 126 12 1
5 126 13 0
8 127 13 11
2 127 15 11
4 127 14 11
3 127 5 11
8 124 8 0
4 124 9 0
9 126 12 1
