11 128 5 0
10 128 5 0
13 127 2 0
12 126 6 0
9 129 5 0
10 126 3 0
9 127 6 0
4 121 7 0
13 128 6 0
9 129 6 0
10 115 7 0
12 129 6 0
13 119 13 0
10 127 6 0
7 121 9 0
10 128 4 0
6 121 8 0
12 128 6 0
11 127 4 0
11 129 3 0
12 129 4 0
12 129 3 0
11 127 3 0
8 119 13 0
12 128 4 0
6 120 10 0
12 128 5 0
9 129 3 0
9 128 2 0
8 120 9 0
7 120 11 0
4 118 13 0
9 126 4 0
10 127 2 0
12 118 13 0
13 119 16 0
13 129 3 0
6 119 9 0
13 128 2 0
10 129 5 0
6 120 6 0
9 127 3 0
11 124 4 0
11 119 16 0
5 119 13 0
12 120 15 0
11 128 6 0
7 118 13 0
11 127 5 0
13 119 15 0
13 117 8 0
13 126 5 0
12 127 6 0
12 119 14 0
11 129 4 0
10 119 13 0
13 129 5 0
13 127 3 0
5 122 6 0
9 127 4 0
9 126 2 0
12 120 16 0
7 120 8 0
11 126 4 0
10 128 6 0
6 119 13 0
11 115 6 0
10 129 2 0
11 129 6 0
11 125 4 0
9 126 3 0
5 122 7 0
12 126 3 0
10 129 6 0
12 129 5 0
13 128 5 0
9 128 3 0
11 128 2 0
9 128 4 0
13 126 3 0
5 120 6 0
10 126 4 0
12 126 4 0
8 120 11 0
11 128 4 0
13 128 3 0
5 121 6 0
12 119 15 0
12 119 13 0
7 120 10 0
5 122 8 0
10 129 3 0
9 120 11 0
13 127 4 0
10 126 2 0
6 121 7 0
7 120 13 0
13 126 4 0
11 112 6 0
12 119 16 0
13 126 2 0
9 129 4 0
7 120 9 0
11 121 4 0
10 127 5 0
6 120 7 0
13 129 6 0
11 120 4 0
9 119 13 0
9 129 2 0
13 129 2 0
6 120 9 0
10 128 3 0
11 119 13 0
11 122 4 0
11 126 5 0
13 128 4 0
12 127 2 0
12 126 2 0
11 128 3 0
10 126 6 0
13 127 6 0
7 120 7 0
12 128 3 0
8 119 12 0
12 129 2 0
12 127 4 0
7 119 13 0
8 118 13 0
11 123 4 0
11 126 2 0
6 119 7 0
10 126 5 0
10 127 4 0
14 119 16 0
9 126 5 0
6 120 8 0
12 127 5 0
11 127 2 0
13 129 4 0
11 114 6 0
11 113 6 0
11 119 4 0
11 129 2 0
10 129 4 0
9 127 2 0
9 126 6 0
10 128 2 0
12 112 6 0
11 126 3 0
9 127 5 0
12 126 5 0
9 128 5 0
10 127 3 0
5 118 13 0
10 118 12 0
6 121 9 0
12 128 2 0
9 128 6 0
13 126 6 0
13 119 2 0
11 129 5 0
11 126 6 0
12 127 3 0
11 127 6 0
13 127 5 0
