16 116 0 0
18 115 10 0
18 117 18 0
19 114 8 6
19 113 17 0
19 113 8 6
19 112 8 6
19 117 6 6
19 119 12 6
19 116 6 6
19 119 8 6
19 117 4 6
19 118 6 6
19 118 4 6
19 115 16 10
19 117 19 0
19 116 16 10
19 115 6 6
19 117 18 8
19 118 14 6
19 121 19 8
19 114 10 6
19 118 15 0
19 119 14 6
19 119 10 6
19 119 4 6
19 119 19 10
19 120 19 10
19 117 8 6
19 118 8 6
19 119 17 8
19 115 8 6
19 117 12 6
19 122 18 8
19 118 19 8
19 118 17 8
19 115 12 6
19 116 12 6
19 117 10 6
19 116 10 6
19 115 10 6
19 118 16 10
19 119 18 8
17 117 18 0
19 121 17 8
19 122 19 8
19 120 17 8
19 120 18 8
19 116 8 6
19 114 17 0
19 118 18 8
18 117 19 0
19 115 17 0
19 117 16 10
19 113 18 0
19 119 5 0
19 122 17 8
19 118 10 6
19 119 6 6
18 121 19 0
19 115 13 0
19 121 18 8
19 118 12 6
