0 116 2 0
0 117 2 0
7 122 3 0
0 118 0 8
0 118 2 8
0 118 1 8
4 122 0 6
1 121 2 0
1 120 2 0
2 120 3 10
2 116 2 0
2 118 1 8
2 117 3 0
3 120 3 10
5 122 0 6
5 118 2 8
2 117 1 0
5 119 1 0
6 122 1 6
1 118 2 8
5 119 2 0
1 122 1 6
5 119 3 10
3 121 3 8
6 123 0 0
4 121 2 0
4 119 2 0
5 117 2 0
0 119 2 0
0 119 0 0
0 119 1 0
4 122 2 6
0 119 3 8
5 122 3 0
5 121 2 0
7 120 2 8
1 117 0 0
7 120 1 10
6 120 1 0
7 121 1 8
1 119 2 0
6 121 3 8
3 117 2 0
5 120 1 0
7 121 0 8
2 118 3 0
7 120 0 10
3 118 3 0
7 122 1 8
6 121 0 0
6 122 0 6
4 120 2 0
8 120 0 0
3 122 0 6
1 116 2 0
7 121 2 8
2 121 3 8
2 117 2 0
1 117 3 0
3 120 2 0
2 120 1 0
1 120 0 0
4 119 3 10
3 119 2 0
2 119 3 10
7 122 0 8
4 118 0 8
3 118 1 8
6 120 2 0
3 119 3 10
5 118 1 8
6 118 0 8
7 123 3 0
6 118 2 8
6 123 2 0
5 122 2 6
5 122 1 6
1 118 0 8
6 119 0 0
4 117 1 0
6 120 3 8
7 119 3 0
6 122 3 0
8 119 3 0
4 122 3 0
7 118 3 0
7 121 3 0
8 117 3 0
5 120 2 0
4 118 2 8
8 118 3 0
2 122 0 6
3 122 2 6
7 120 3 0
7 122 2 8
8 120 3 0
4 120 3 10
6 122 2 6
6 119 3 8
5 121 3 8
4 122 1 6
7 117 3 0
3 119 1 0
5 118 3 0
0 120 3 8
0 120 1 0
0 120 0 0
0 120 2 0
3 122 3 0
1 122 0 6
6 118 1 8
2 122 1 6
4 118 3 0
4 118 1 8
4 121 3 8
6 123 3 0
3 122 1 6
1 122 2 6
2 122 3 0
7 119 0 10
6 121 2 0
7 119 2 8
1 118 3 0
2 118 2 8
7 119 1 10
3 117 3 0
3 117 1 0
2 119 0 0
6 119 1 0
4 119 1 0
3 121 2 0
3 120 1 0
3 118 2 8
1 120 1 0
2 120 2 0
1 120 3 10
2 122 2 6
0 121 3 8
0 121 0 0
0 121 2 0
1 121 3 8
2 121 2 0
7 118 0 0
4 117 3 0
3 119 0 0
2 118 0 8
1 119 3 10
2 119 2 0
6 119 2 0
5 118 0 8
1 119 1 0
5 120 3 10
8 118 0 0
1 119 0 0
1 118 1 8
2 119 1 0
0 122 2 6
0 122 1 6
0 122 0 6
3 118 0 8
2 120 0 0
