1 118 8 8
1 118 9 8
2 118 8 6
1 118 12 8
5 122 18 6
1 118 13 8
2 118 12 6
1 118 14 8
2 123 18 0
8 117 18 0
4 117 19 0
4 122 19 6
5 115 16 10
1 122 18 6
2 122 17 8
5 122 19 6
3 122 19 6
6 122 18 6
3 116 19 0
6 113 17 0
2 117 10 6
1 119 15 0
2 119 14 6
1 122 17 8
2 121 17 8
1 122 19 6
2 122 18 6
4 122 17 8
6 121 17 9
2 116 8 6
4 121 17 9
3 121 17 9
6 120 17 9
5 120 17 9
3 115 6 0
6 119 17 9
7 121 19 8
4 115 18 0
6 121 19 0
1 121 17 10
2 117 8 6
7 120 19 10
8 120 18 0
7 122 19 8
7 121 18 8
3 122 18 6
6 122 17 8
5 121 17 9
5 117 19 0
3 117 16 10
3 113 16 10
4 117 16 10
3 118 18 8
6 118 17 8
5 117 16 10
2 122 19 6
4 122 18 6
2 115 16 10
1 115 17 0
5 116 16 10
2 114 10 6
7 119 18 8
1 118 16 8
1 115 16 10
4 116 18 0
8 118 19 0
3 115 7 0
1 114 17 10
2 119 17 8
1 119 18 0
2 115 6 6
7 118 18 8
6 116 16 10
3 116 17 0
0 114 17 0
1 118 6 8
3 115 16 10
7 118 19 8
5 118 19 8
2 112 8 6
3 118 6 0
0 117 19 0
0 117 16 10
0 117 17 8
3 118 19 8
6 118 18 8
7 122 18 8
7 120 18 8
1 117 15 0
2 117 14 6
4 116 15 0
2 116 16 10
1 118 2 0
0 121 18 0
0 121 17 10
0 121 19 0
2 114 8 6
2 113 12 6
2 115 8 6
2 116 12 6
2 119 12 6
7 119 17 8
2 115 12 6
2 114 12 6
2 117 12 6
3 114 16 10
0 122 18 6
0 122 17 8
0 122 19 6
2 119 8 6
3 116 16 10
2 119 6 6
3 114 7 0
2 115 10 6
2 116 14 6
3 119 8 0
6 114 17 0
1 113 7 0
3 116 6 0
2 114 7 0
0 119 19 0
0 119 18 0
0 119 16 0
0 119 12 0
1 119 8 0
6 117 16 10
2 115 14 6
6 118 19 8
1 118 3 0
2 113 8 6
8 119 19 0
4 118 19 8
8 118 18 0
1 118 4 8
1 118 5 8
1 120 19 0
4 120 17 9
0 115 6 0
0 115 17 0
0 115 16 10
0 116 16 10
0 116 17 0
0 113 18 0
2 113 10 6
7 123 19 0
2 117 6 6
3 118 16 10
6 115 16 10
3 115 17 0
2 114 18 0
2 120 17 8
4 118 16 10
2 118 17 8
1 118 18 8
2 118 14 6
1 118 15 8
6 113 18 0
7 118 17 8
6 117 18 0
3 117 19 0
2 118 10 6
1 118 11 8
1 118 17 8
2 118 16 10
0 118 4 8
0 118 16 8
0 118 17 8
0 118 19 8
0 118 18 8
0 118 15 8
0 118 14 8
0 118 13 8
0 118 12 8
0 118 11 8
0 118 10 8
0 118 9 8
0 118 8 8
0 118 7 8
0 118 6 8
0 118 5 8
4 116 17 0
2 116 18 0
1 119 16 0
5 118 16 10
4 116 5 0
2 116 6 6
5 118 17 8
1 118 10 8
7 119 19 10
6 119 19 0
2 120 19 0
8 120 17 0
3 119 19 0
0 120 19 0
0 120 18 0
2 119 19 0
2 118 6 6
1 118 7 8
5 116 17 0
2 119 18 0
1 119 19 0
4 119 17 9
6 115 17 0
3 115 18 0
5 122 17 8
4 118 17 8
2 118 18 8
1 118 19 8
2 117 16 10
2 119 16 0
4 116 19 0
6 112 18 0
3 118 17 8
6 118 16 10
7 117 18 0
4 115 16 10
4 115 17 0
2 115 18 0
3 120 17 9
1 114 18 0
4 114 16 10
3 122 17 8
2 119 10 6
2 116 10 6
1 116 16 10
6 119 16 0
3 119 17 9
3 114 15 0
1 117 16 10
6 116 17 0
3 116 18 0
4 117 18 0
5 119 17 9
6 122 19 6
5 114 16 10
3 120 16 0
4 118 18 8
2 118 19 8
4 116 16 10
5 113 16 10
3 117 18 0
7 122 17 8
2 117 18 0
7 120 17 8
5 118 18 8
7 121 17 8
